10050516
10071639
10080216
10095375
10187878
10212604
10227940
1026216
10320571
10355944
10359149
10360515
10372879
10379185
10391861
10403322
10403328
10408661
10424090
10426267
10430190
10451486
10456702
10459057
10463018
10465054
10470817
10478178
10515016
10518166
10518250
10521813
10544724
10553590
10556865
10565898
10567803
10573436
10589070
10619314
10622486
10628888
10637936
10649262
10654980
10701281
10709578
10711907
10737023
10737829
10752099
10753008
10765048
10775968
10785606
10799427
10812327
10813502
10813503
10815135
10823773
10826233
10826326
10831551
10833912
10847562
10853771
10861714
10867455
10884736
10885183
10893331
10896351
10897360
10899672
1090019
10904947
1093351
1093756
10945082
10951481
10960018
10960159
10967919
10976443
11021833
11037106
11079488
11113982
11122112
11133709
11139716
11145818
11164745
11202588
11203154
11240446
11241728
11251906
11286584
11292148
11301945
11312387
11317024
11328298
113459
11349203
11368108
11372956
11374049
1137424
11376086
11382792
11393827
11394427
11401636
11423042
11452855
11462176
11483079
1150762
11511988
11517110
11522700
11527481
11553899
11560213
11564897
11572544
11578537
11583019
11588697
11600910
11678558
11680896
11685593
11687440
11687600
11696627
11703840
11709139
11746120
11772849
11773037
11773451
11774271
11783130
11784423
11792987
11795748
11802273
11802907
11803753
11816533
11828663
11858345
11898079
11903723
11927295
11929216
11931063
11935373
11943052
11971050
11977327
11986261
11989529
1203653
12070447
12075184
12092408
12107804
12109956
12122168
12122169
12124691
12133617
12141471
12163189
12163718
12173815
1220643
12229270
12296889
12365373
12373503
12375025
12378569
12380392
12380905
12389836
12403806
12404652
12404654
12411761
12415197
12420650
12424579
12427003
12433260
12437651
12452546
12457140
12468334
12474288
12476103
12479336
12500710
12501087
12505619
12507629
12508264
12508845
12510717
12521524
12525746
12528587
12548353
12558954
12567693
12568754
12571823
12572180
12575012
12583788
12592544
12613932
12614430
12620483
12624687
12631373
12636947
12642938
12648581
12685638
12691317
12700964
1270487
12705111
12728743
12739379
12741091
1274565
12750866
12752192
12752846
12762066
12767413
12768254
12775918
12798401
12810006
12811312
12815135
12823076
12833301
12835785
12853804
12868089
12891638
12891639
12894040
12898356
12923468
1293622
12937342
12954160
12958005
12969225
12973333
1362250
13671618
1374171
1377388
1394844
1403510
140535
14077924
1413103
14142357
1415385
1419338
1433579
1433600
14368736
1440818
14511157
14511167
14512713
14513165
14569481
14571431
14582043
14584610
14585160
14585319
14595165
14614994
14615052
14616365
14618949
14634972
14638591
14646031
14661141
14661820
14669032
14699432
14710449
14718541
14728653
14733133
14765378
14766869
1492780
14963845
14968062
14970779
14971701
14992359
15006844
15022785
15032281
15039249
15051203
15056517
15093907
15099868
15105022
15105978
1511219
15121233
15125515
1512668
15130078
15131080
15140733
1514457
15145471
15147592
15161720
15167215
15167984
15171906
15180837
15181427
15184460
15189464
15197057
15210289
15217588
15249617
15250831
15258208
15277896
15284738
15288838
15288839
15293118
1533326
15345393
15361112
15365445
15375751
15379054
1538203
15387493
15452706
15458882
15465547
15465570
15466502
15469193
15482325
15492607
15494776
15500150
15507512
15507849
15514541
15515749
15517072
15526256
15526258
15550258
15552643
15557305
15559753
15566002
15583265
15587097
15590454
1559065
15592735
15614740
15617715
15622509
15623624
15628644
15628707
15647471
15668862
15672921
15682847
15684179
15687511
15687920
15690481
15711629
15713607
15715249
15721418
15721444
1576226
15772611
15782073
15785031
1579873
15800137
15802932
15817019
15824371
15842580
15846759
15847122
15864399
15877567
15889663
15893462
1589729
15911954
15916898
15931644
15932351
15941885
15953430
15965197
15968519
15979624
15981747
15995092
15996606
16003930
16006455
16014441
16019741
16034946
1603910
16053016
1607902
16079986
16088138
16088196
16092074
16100156
161013
16103587
16132033
16160717
1617357
16175901
16179171
16180029
16181842
16182639
16185765
16185966
16190012
16192704
16195972
16203020
16203878
16208020
16208176
16217942
1621899
16225625
16231402
1624737
162546
16255841
16255874
16264357
16268061
16271803
16272070
1628933
16303751
16306770
16308218
16321565
16325244
16325958
16333084
16334846
16335575
16354992
16356794
163892
16395132
16395139
16405264
16407349
16408432
16412020
16428883
16429352
16429353
16434891
16435503
16451145
16453271
16455636
16460402
16468358
16470821
16480
16483279
16488378
16489254
16489468
16499914
16503593
16507946
16513882
16515565
16516332
16517995
16517998
16519770
16534774
16538113
16546302
16547997
16548090
16568145
16599016
16609351
16615420
16638074
16639669
16644462
16647123
16673969
1667567
16682538
16686054
16689260
16703543
16724448
16734921
16738972
16768220
16777669
16778312
16791447
16791609
16792726
16794168
16799051
16814894
16823833
16825347
16825369
16825393
16832727
16839771
16840842
16842569
16859628
16865393
16877299
16877405
16882683
16886917
16892537
16894311
16913989
16927915
16944004
16958018
16960465
16963667
16965496
17010270
17011020
17018501
17019079
1701934
17023848
17033915
17035283
17035488
17041284
17060133
17063373
17068312
17081665
17093998
17106370
17109155
17111122
17115277
17120261
17120985
17121171
17124416
17140957
17142420
17162742
17166998
17177044
17180527
17191421
17202228
1721713
17218177
17219705
17221818
17244183
17255218
17267138
17270671
17270725
17278344
1728269
17285097
17289531
17291712
1729671
17300637
17302678
17307587
17313032
1731843
17320775
17353255
17353470
17374949
17384376
17393836
1740010
17413560
17415347
17426786
17438875
17445899
17459481
17469453
17488913
17493637
17494800
17502499
1751941
17542384
17545780
1755052
17553526
17555695
17559634
17567931
1758012
17581760
17591904
17611174
17636383
17651943
17660865
17661379
17681875
17682468
17687098
17687449
17693382
17697413
17698323
1770880
17761496
17763686
17763808
17803438
17823461
17826459
17827950
17848322
17851183
1786668
17875858
17886177
17896365
17905009
17910350
17920229
17920724
17923438
17924220
17940299
17941586
17950226
17964720
17966930
17977988
17982206
17996486
18021379
18025825
18031448
18036184
18045569
18047544
18049065
18058656
18071141
18071934
18074149
18078851
18082473
18087632
18097141
18097175
18097816
18166342
18184669
18185142
18197855
18210340
18224360
18227890
1827606
1827741
18277884
18278131
18282357
18285677
18289452
18294933
18299162
18314567
18316700
18318933
18331444
1834484
18355175
18360329
18379498
18389268
1839154
18391677
18396072
18397389
18398646
18401021
18424949
18427076
18435461
18444568
18447057
18474719
18486992
18494148
18500189
18525127
18535375
18538508
18541243
18543166
18547833
18558423
18563842
18572226
18590847
18603722
18604051
18608052
18622613
18625866
18632926
18636658
18643921
18644521
18644607
18651256
18657796
18672389
18673426
18680226
18691352
18692244
18705692
18706733
18723162
18756796
18757961
18764676
18784319
18785275
18786847
18813406
18815819
18820094
18832298
18832522
18836845
18845828
18850670
18853247
18854937
18922150
18924514
18930329
18940875
18949975
18950598
18959152
18975526
18981042
18986240
18995217
19004519
19017457
19017551
19019945
19035712
19039263
19054836
19060271
19070876
19083293
19091887
19101283
19103864
19104699
19109479
19116299
19117500
19118697
19126519
19129390
19132425
19142410
19142914
1914404
19160103
19168393
19187105
19190400
19191853
19193746
19194702
19198105
19209783
19212662
19220561
19236926
19257843
19271599
1928571
19286194
19291784
19291827
19293805
19296504
19308312
19318322
19319929
19320840
19322509
19323868
19326698
19327203
19337246
19337635
19342546
19346784
19352723
19361503
19369308
19373126
19377227
19378710
19386845
19396956
19401530
19407461
19408623
19409661
19409848
19416940
19420940
19424282
19430285
19430783
19433863
19434742
1944238
19446975
19455176
1946866
19478678
19494067
19494551
19496935
19500391
19515476
1951588
19524914
19541789
19554672
19568182
19568355
19578234
19578566
19578761
19582756
19584444
19610141
19622817
19623643
19628378
19632852
19634711
19646642
19656757
19660381
19661490
19661814
19673028
19679416
19679953
19680054
19684400
19687772
19702672
19715569
19721408
19725737
19725892
19730176
19737881
19743993
19747425
19748159
1975448
19759102
19765479
19771764
19775608
19797208
19809355
19818057
19818105
1983635
19853973
19859739
19859858
19864821
19864908
19864909
19877236
19887952
1989407
19909635
19916886
1991947
19920809
19933240
19937448
19965857
19969365
19996821
20012983
20045752
20052508
20054109
20054834
20054835
20064817
20074912
20083751
2009505
20101070
20101272
20104185
20109475
20113968
20122515
20123872
20124294
20141536
20146343
20158493
20161875
20167986
20169776
20171943
20176414
20178996
20180444
20190840
20216394
20220597
20221984
20227278
20236261
20305328
20309686
2031790
20335420
20347662
20351785
2035748
20359778
20361076
20363433
20367932
20368024
20370764
20378427
2038133
20392911
20397787
20409655
20416977
20451897
20455862
20465107
20473827
20484587
20487525
20490679
20509595
20520834
20525271
20525960
20529450
20530184
20544947
20550774
20554815
20555144
2055572
20566166
20573868
20577117
20592177
20593209
20594160
20597042
20610187
20625095
20625167
2062773
20632026
20644923
20651192
20656649
20657091
20663563
20666952
20673546
20679642
20682230
20684186
20697045
20703037
20704691
20714910
20725880
20799249
20808118
20808135
20808143
20818103
20824864
20847554
2084771
20850815
20851372
20852370
20861786
20863306
20880270
20889166
20923605
20930282
20932304
20932362
20932377
20935035
20935524
20937190
20954975
20957193
20957394
20971441
21047403
21053483
21055813
21068129
21070702
21071942
21080122
21081498
21087727
21088241
2109336
21105370
21106558
21112183
21119104
21125350
21159408
21166367
21168459
21191054
21212210
21216123
21219787
21220682
21224293
21229776
21247606
21256907
21273523
21274889
21276306
21278615
21281234
21282950
21283169
2128984
21297262
21314662
21344353
21359934
21365162
21365327
21371075
21372764
21376246
21376652
21377735
2138156
21396477
21396880
21399482
21399907
2140995
21417129
21418722
21418960
21429024
21435921
21440911
21441257
21449158
21449845
21452541
21454094
21457610
21460032
21460434
21463840
21474186
21474808
21478204
21483642
21489344
2149253
21497746
21507048
21511496
21517924
21522023
21546463
21559028
21562102
21566518
21575302
21592576
21602133
21621262
21624108
21626569
21630205
21632897
21640440
21642663
21647567
21651656
21653771
21663560
21666432
21670386
21692957
21694448
21700579
21702929
21708842
21718268
21729418
21730928
21735421
21747005
21748499
21761271
21771406
21779759
21788709
21790967
21813715
21814064
21819975
21822377
21832013
21834788
21843378
21848585
21849696
21849778
21853058
21863316
21867622
21889911
21891868
21898322
21901424
21903447
21908910
21914395
21917776
21918851
21926377
2194415
21954186
21955640
21955818
21959362
21959363
21960154
21971456
21971924
21983242
21987568
21996307
21998317
22000938
22008265
22021920
22027931
22075597
22079406
22079964
22086621
22088188
2208931
22091575
22107790
22107995
22112432
22118795
22120803
22122408
22126560
2213201
22132246
22135130
22137207
22155754
22158084
2216006
22162065
22167542
22173167
22173784
22176962
22176964
22193845
22204914
22211920
22212925
22213792
22216944
22217551
22219418
22221288
22228824
22233410
22233766
22236854
22236921
22237120
22238443
22239518
22244037
22252239
22256468
22257044
22259809
22260344
22266520
22267773
22278151
22284730
22285527
22290887
22297644
22298207
22301019
22302554
22318821
22323463
22325117
22325147
22329653
22330701
22332672
22332693
22340643
22344014
22344629
22346246
22349451
22366793
22374706
22377781
22378910
22381947
22385380
22386063
22390880
22405953
22408151
22410556
22410648
22416182
22416827
22422214
22424621
22435956
22441027
22453044
22457741
22459646
22460159
22460160
22460325
22475796
22477481
22492732
22495998
22508578
22521355
22524200
22525605
22528111
22530265
22530364
22537436
22548929
22550713
22553458
22573144
22577238
22581594
22614649
22635103
22648427
22651941
22653189
22653791
22665450
22668980
22670182
22672107
22682055
22682667
22687143
22687167
22687791
22689701
2269322
22698869
22710357
22710906
22712065
22717776
2272189
22733889
2273409
22735052
22735249
22761691
22773150
22785390
22791632
22796873
22808802
22824687
2284373
2284389
22849649
22856228
22856451
2286032
22871906
22872201
22872942
22883546
22889727
22889795
22902212
22902293
22906395
22913655
22914831
22922709
22927754
22929226
22929714
22940100
22952119
22961445
22961551
22967747
22980301
22988784
22990206
22994619
22996060
22996234
23006995
23014950
23016870
23018627
23019264
23023349
23029720
23050785
23063989
23066136
23084870
23087027
23088945
23090928
23097914
23111610
23121699
23124634
2312932
23142262
23147740
23152552
23158839
23158997
23159109
23166667
23171752
23209065
23214120
23219463
23220563
23224109
23232012
23264213
23268875
23274184
23284831
23285580
23317962
23360173
2336978
23374386
23380679
23388129
23397793
23411693
23414826
23422682
23422822
23426930
23442558
23467605
23467781
2346840
23469295
23470789
23471893
23498376
23532529
23539100
23553080
23556011
23557204
23563762
23564547
23567400
2357611
23593613
23594859
23614624
23615478
23629553
23632267
23632535
23633684
23639612
2364628
2364796
23658272
2365960
2366025
23702433
2370442
23717700
23722389
23725402
23729024
2373628
23782980
23793175
23835084
23836568
2384506
2387535
23883707
23895665
23982214
23990996
2402404
24029194
24037306
24039735
24095659
24123241
24157823
24193144
24197880
2420003
2421422
24222299
2423942
24270249
24335198
2441737
24429319
24440688
24450567
24507711
2451065
2452557
2453365
24576877
24593687
24610541
24627246
2467833
24727052
2475060
24763725
24764580
2478493
24827588
2492298
2492777
24946101
25015361
25034596
25043595
25167053
25194230
25237762
2525339
25284053
25301876
25321621
25344259
25344456
25394646
25447111
2545370
2557640
2594878
2601097
26242126
2624726
2634420
2635018
2637887
2655861
2658358
2666647
2698160
2710070
2781908
2791473
2791534
2859753
2868520
2941106
2952542
2964829
2968667
2980527
2984847
3023564
3059666
3075148
3098475
3099659
3108179
3122873
3130686
3133320
3149173
3151415
3154521
3241463
3263980
3280384
3301032
3312715
3319011
3346682
3406846
343479
3446304
3449306
3477820
3495385
3502292
3561740
3562746
3571310
3575608
3611799
362956
3651746
3680182
3680989
3687569
3690513
3725620
3742502
3767656
3768597
377120
3800652
3801112
3818143
3872731
389381
3942287
3944302
3980292
3983706
3988358
4041157
408634
4089926
4099457
4103469
4260586
4265281
4281427
4378189
4417652
4432960
4433176
4455938
446007
448786
4516334
4521281
453455
4541480
4558675
4604567
4629760
4643903
4651047
482790
484452
4903071
4953659
5004030
512312
5124359
512554
5142264
5183821
5274302
5437089
545818
5461392
5586846
5625700
566893
5770356
5777223
5805248
5811011
5832139
5860985
5940528
6063728
6159796
6215816
6221504
6222717
6230258
6238170
6238507
6247579
6372686
6391221
6400077
64008
6410731
6435722
6452193
6455064
6472364
6486295
6497609
6532038
6537544
6549606
6571934
6589580
6610492
6612886
663097
6631839
6691469
6744737
6747427
6773994
679137
6814925
6842031
6854293
6867860
6955821
697217
6974387
7024481
7057312
7097260
7103677
7120583
7120607
7129827
7134598
7154900
7182293
7205032
7210818
7239132
7247640
7283668
7327668
7344406
7399960
7400369
7438541
7473539
7478032
7498872
7501356
7513121
7518896
7527584
7557611
7570817
7570862
7570874
7573583
7574124
7582210
7584579
760695
7612531
7625188
7628142
7638662
7650167
7654504
7662322
7669494
7682315
7692210
7696107
7697560
7702831
7726256
7727205
7732262
7749081
7749703
7760473
7781305
7785523
7797744
7809799
7814485
7836638
7845353
7845508
7863851
7879398
7887625
7889695
7905445
7907040
7927339
7930331
7942597
7956669
7958576
7991730
7992333
8010903
8014389
8018025
8018186
8029743
8043525
8047356
8056239
8059816
8117548
8118352
8120175
8131123
8144825
8155202
8190927
8203322
8205020
8208879
8222068
8235802
8236390
8239890
8239901
8242214
8244047
8263369
8293601
8315228
8321166
8321341
8332650
8339882
8345279
8362829
8372074
8372297
8390412
8434243
8440272
8452645
8466435
8473692
8513634
8529948
8533994
8539440
8544037
8561155
8582588
8599402
8606718
8614443
8618670
8644872
8644912
8650129
8650587
8665264
8673573
8677826
8685299
8686489
8686523
8688242
8696730
8702212
8711552
8719048
8734969
8738460
8740300
8744917
8746253
8750293
8752463
8752862
8753688
8754631
8757703
8779067
8785636
8818369
8850214
8875037
8909209
8912952
8919893
8953638
8960430
8970013
8981896
8988083
8994247
9050490
9050607
9084119
9097526
9109887
9122402
9129428
9136256
9141572
9143435
9145015
9147102
9163981
9166639
9171786
9178050
9188290
9194425
9196240
9196755
9196777
9216753
9217686
9231197
9246249
9249860
9252209
9259528
9283925
9291882
9312819
9316064
9316131
9336750
9347861
9353835
9376964
9378920
9382634
9395012
9396881
9400564
9406201
9423687
9442163
9444495
9462374
9479300
9499305
9515818
9522669
9522736
9525247
9542421
9550765
9556039
9556261
9558548
9572446
9588640
9605253
9619528
9625911
9629529
9636871
9639772
9655277
9658272
9658479
9664615
9665674
9682777
9685836
9690731
9703164
9703169
9707339
9712558
9729541
9786614
9791918
9793868
9793980
9812113
9831484
9832579
9840076
9840595
9861532
9877135
9884405
9885355
9887245
9889659
990659
9921363
9921852
9921930
9926804
9930067
9932786
